trade_year: 2025
train_year: 2024
optimized_at: '2026-07-06T09:32:14.984133+00:00'
equity: 1000.0
strategies:
  Wyckoff:
    params:
      min_htf_adx: 18.0
      max_adx: 48.0
      consolidation_days: 1
      htf_mode: trend_adx
      cooldown_bars: 5
      max_trades_per_day: 3
      require_hammer_shape: true
    train:
      trade_count: 28
      win_rate: 0.42857142857142855
      profit_factor: 1.3979880518401995
      realized_rr: 1.8639840691202658
      total_return: 0.13598092549219654
      constraints_met: false
      fallback_score: 65.13336288514475
  RSI Divergence:
    params:
      max_adx_1h: 45.0
      min_rsi_diff: 3.0
      rsi_oversold: 35.0
      rsi_overbought: 55.0
      min_swing_gap: 4
      cooldown_bars: 4
      require_neckline_break: false
    train:
      trade_count: 20
      win_rate: 0.4
      profit_factor: 1.2523736800543572
      realized_rr: 1.8785605200815358
      total_return: 0.06839402812332356
      constraints_met: false
      fallback_score: 54.81730929493723
  EMA 50/200:
    params:
      min_htf_adx: 22.0
      max_adx_1h: 34.0
      pullback_atr: 0.5
      max_ema_spread_atr: 3.0
      cooldown_bars: 10
      require_bounce: false
      htf_mode: strict
    train:
      trade_count: 28
      win_rate: 0.5
      profit_factor: 1.8398244103454795
      realized_rr: 1.8398244103454797
      total_return: 0.2907624261205151
      constraints_met: false
      fallback_score: 79.25779867652366
  EMA Flow:
    params:
      pullback_atr: 0.36
      min_htf_adx: 22.0
      max_adx_1h: 28.0
      min_ema_spread_atr: 0.1
      max_ema_spread_atr: 2.2
      cooldown_bars: 12
      max_trades_per_day: 3
      htf_mode: soft
      sl_ema_slow: true
      require_bounce: true
    train:
      trade_count: 20
      win_rate: 0.4
      profit_factor: 1.2676145973279336
      realized_rr: 1.9014218959919005
      total_return: 0.0695760375724983
      mode: flow
      constraints_met: false
      holdout:
        trade_count: 8
        win_rate: 0.25
        profit_factor: 0.6392468320708058
        realized_rr: 1.9177404962124174
        total_return: -0.04822199770195721
      validated_profile: true
      refine_candidate:
        trade_count: 18
        win_rate: 0.5
        profit_factor: 1.844987686300897
        realized_rr: 1.8449876863008967
        total_return: 0.1805393389705191
        mode: flow
        constraints_met: false
        holdout:
          trade_count: 6
          win_rate: 0.16666666666666666
          profit_factor: 0.38580839472559264
          realized_rr: 1.9290419736279631
          total_return: -0.07746865848027164
  Pin Bar Elite:
    params:
      min_htf_adx: 24.0
      max_adx_1h: 32.0
      min_wick_body_ratio: 2.5
      min_wick_range_ratio: 0.5
      swing_lookback: 8
      htf_mode: soft
      require_at_swing: true
      cooldown_bars: 4
    train:
      trade_count: 26
      win_rate: 0.5
      profit_factor: 1.9717497459408617
      realized_rr: 1.9717497459408617
      total_return: 0.2799230052357927
      constraints_met: false
      fallback_score: 78.51370934253843
