trade_year: 2026
train_year: 2025
optimized_at: '2026-07-06T03:57:33.894598+00:00'
equity: 1000.0
strategies:
  Wyckoff:
    params:
      min_htf_adx: 22.0
      max_adx: 45.0
      consolidation_days: 2
      htf_mode: trend_adx
      cooldown_bars: 3
      max_trades_per_day: 2
      require_hammer_shape: false
    train:
      trade_count: 17
      win_rate: 0.4117647058823529
      profit_factor: 1.3052061086947881
      realized_rr: 1.8645801552782686
      total_return: 0.07046586890245862
      constraints_met: false
      fallback_score: 47.74801262721046
  RSI Divergence:
    params:
      max_adx_1h: 35.0
      min_rsi_diff: 1.5
      rsi_oversold: 45.0
      rsi_overbought: 55.0
      min_swing_gap: 6
      cooldown_bars: 4
      require_neckline_break: false
    train:
      trade_count: 15
      win_rate: 0.4
      profit_factor: 1.1081818287849663
      realized_rr: 1.6622727431774493
      total_return: 0.019269858994709125
      constraints_met: false
      fallback_score: 40.97917343547985
  EMA 50/200:
    params:
      min_htf_adx: 26.0
      max_adx_1h: 30.0
      pullback_atr: 0.5
      max_ema_spread_atr: 3.5
      cooldown_bars: 8
      require_bounce: false
      htf_mode: strict
    train:
      trade_count: 26
      win_rate: 0.5384615384615384
      profit_factor: 2.1822149243144042
      realized_rr: 1.8704699351266325
      total_return: 0.33758632290831475
      constraints_met: true
  Pin Bar Elite:
    params:
      min_htf_adx: 24.0
      max_adx_1h: 30.0
      min_wick_body_ratio: 4.0
      min_wick_range_ratio: 0.52
      swing_lookback: 10
      htf_mode: stack
      require_at_swing: false
      cooldown_bars: 6
    train:
      trade_count: 24
      win_rate: 0.5
      profit_factor: 1.848902502965208
      realized_rr: 1.8489025029652082
      total_return: 0.25693718345475647
      constraints_met: false
      fallback_score: 72.53160502414461
