trade_year: 2025
train_year: 2024
optimized_at: '2026-07-06T03:57:37.449841+00:00'
equity: 1000.0
strategies:
  Wyckoff:
    params:
      min_htf_adx: 16.0
      max_adx: 45.0
      consolidation_days: 1
      htf_mode: trend_adx
      cooldown_bars: 5
      max_trades_per_day: 3
      require_hammer_shape: true
    train:
      trade_count: 28
      win_rate: 0.42857142857142855
      profit_factor: 1.4014464746170388
      realized_rr: 1.868595299489385
      total_return: 0.13718599432543374
      constraints_met: false
      fallback_score: 65.16783953014
  RSI Divergence:
    params:
      max_adx_1h: 38.0
      min_rsi_diff: 3.5
      rsi_oversold: 35.0
      rsi_overbought: 55.0
      min_swing_gap: 4
      cooldown_bars: 8
      require_neckline_break: false
    train:
      trade_count: 12
      win_rate: 0.5
      profit_factor: 1.8693361295122406
      realized_rr: 1.8693361295122408
      total_return: 0.11817910182036735
      constraints_met: false
      fallback_score: 38.894667348020995
  EMA 50/200:
    params:
      min_htf_adx: 22.0
      max_adx_1h: 32.0
      pullback_atr: 0.48
      max_ema_spread_atr: 3.0
      cooldown_bars: 6
      require_bounce: false
      htf_mode: strict
    train:
      trade_count: 26
      win_rate: 0.5
      profit_factor: 1.8409831147012268
      realized_rr: 1.8409831147012268
      total_return: 0.26750447475896816
      constraints_met: false
      fallback_score: 77.87303883928304
  Pin Bar Elite:
    params:
      min_htf_adx: 24.0
      max_adx_1h: 32.0
      min_wick_body_ratio: 2.5
      min_wick_range_ratio: 0.5
      swing_lookback: 8
      htf_mode: soft
      require_at_swing: true
      cooldown_bars: 4
    train:
      trade_count: 26
      win_rate: 0.5
      profit_factor: 1.9717497459408617
      realized_rr: 1.9717497459408617
      total_return: 0.2799230052357927
      constraints_met: false
      fallback_score: 78.51370934253843
