train_year: 2025
default_trade_year: 2026
optimized_at: '2026-07-07T09:55:23.413221+00:00'
equity: 1000.0
config_key: train_year
strategies:
  Wyckoff:
    params:
      min_htf_adx: 22.0
      max_adx: 45.0
      consolidation_days: 2
      htf_mode: trend_adx
      cooldown_bars: 3
      max_trades_per_day: 2
      require_hammer_shape: false
    train:
      trade_count: 17
      win_rate: 0.4117647058823529
      profit_factor: 1.3052061086947881
      realized_rr: 1.8645801552782686
      total_return: 0.07046586890245862
      constraints_met: false
      fallback_score: 47.74801262721046
  RSI Divergence:
    params:
      max_adx_1h: 35.0
      min_rsi_diff: 2.0
      rsi_oversold: 45.0
      rsi_overbought: 52.0
      min_swing_gap: 8
      cooldown_bars: 6
      require_neckline_break: false
    train:
      trade_count: 18
      win_rate: 0.4444444444444444
      profit_factor: 1.378977582234278
      realized_rr: 1.7237219777928474
      total_return: 0.07496975566683113
      constraints_met: false
      fallback_score: 51.09786632157791
  EMA 50/200:
    params:
      min_htf_adx: 24.0
      max_adx_1h: 32.0
      pullback_atr: 0.48
      max_ema_spread_atr: 2.6
      cooldown_bars: 6
      require_bounce: false
      htf_mode: strict
    train:
      trade_count: 26
      win_rate: 0.5
      profit_factor: 1.8990940297203918
      realized_rr: 1.8990940297203918
      total_return: 0.2837309055539008
      constraints_met: false
      fallback_score: 78.3719002002392
  EMA Flow:
    params:
      pullback_atr: 0.36
      min_htf_adx: 22.0
      max_adx_1h: 28.0
      min_ema_spread_atr: 0.1
      max_ema_spread_atr: 2.2
      cooldown_bars: 12
      max_trades_per_day: 3
      htf_mode: soft
      sl_ema_slow: true
      require_bounce: true
    train:
      trade_count: 27
      win_rate: 0.5925925925925926
      profit_factor: 2.9944718302303097
      realized_rr: 2.058699383283338
      total_return: 0.5007943376714723
      mode: flow
      constraints_met: true
      holdout:
        trade_count: 14
        win_rate: 0.7142857142857143
        profit_factor: 5.095819212436747
        realized_rr: 2.0383276849746985
        total_return: 0.40298879458612397
      validated_profile: true
      refine_candidate:
        trade_count: 27
        win_rate: 0.5925925925925926
        profit_factor: 2.9944718302303097
        realized_rr: 2.058699383283338
        total_return: 0.5007943376714723
        mode: flow
        constraints_met: true
        holdout:
          trade_count: 14
          win_rate: 0.7142857142857143
          profit_factor: 5.095819212436747
          realized_rr: 2.0383276849746985
          total_return: 0.40298879458612397
        holdout_wr_ok: true
  Pin Bar Elite:
    params:
      min_htf_adx: 20.0
      max_adx_1h: 28.0
      min_wick_body_ratio: 3.5
      min_wick_range_ratio: 0.5
      swing_lookback: 10
      htf_mode: stack
      require_at_swing: false
      cooldown_bars: 6
    train:
      trade_count: 26
      win_rate: 0.46153846153846156
      profit_factor: 1.6112673403844764
      realized_rr: 1.8798118971152225
      total_return: 0.1924860983843771
      constraints_met: false
      fallback_score: 70.52967783499483
risk_sl_pct: 0.02
risk_min_rr: 2.0
saved_manually: true
