trade_year: 2026
train_year: 2025
optimized_at: '2026-07-04T15:12:49.575573+00:00'
equity: 1000.0
strategies:
  Wyckoff:
    params:
      min_htf_adx: 22.0
      max_adx: 35.0
      consolidation_days: 2
      htf_mode: stack
    train:
      trade_count: 5
      win_rate: 0.6
      profit_factor: 2.8342225982843003
      realized_rr: 1.8894817321895336
      total_return: 0.07915998100732372
  RSI Divergence:
    params:
      max_adx_1h: 30.0
      min_rsi_diff: 2.5
      rsi_oversold: 45.0
      rsi_overbought: 55.0
      min_swing_gap: 10
    train:
      trade_count: 4
      win_rate: 0.5
      profit_factor: 1.9078151547009523
      realized_rr: 1.9078151547009523
      total_return: 0.039864708988142414
  EMA 50/200:
    params:
      min_htf_adx: 28.0
      max_adx_1h: 28.0
      pullback_atr: 0.38
      max_ema_spread_atr: 2.0
    train:
      trade_count: 7
      win_rate: 0.8571428571428571
      profit_factor: 11.027150158854184
      realized_rr: 1.8378583598090306
      total_return: 0.23806465813767114
  Pin Bar Elite:
    params:
      min_htf_adx: 22.0
      max_adx_1h: 25.0
      min_wick_body_ratio: 3.5
      min_wick_range_ratio: 0.55
      swing_lookback: 12
      htf_mode: strict
    train:
      trade_count: 6
      win_rate: 0.8333333333333334
      profit_factor: 9.070421308564528
      realized_rr: 1.8140842617129056
      total_return: 0.1942168213447328
